# PUBLIC competition seeds — students train and submit against these
# 100 seeds
1829385696
912778539
1225417723
282516378
1071520889
1773330585
1530327774
289199655
886978869
669847259
1080286313
903873705
810352990
780996595
928455585
452735644
1520512433
578769372
502193655
2017418862
664239007
255397964
1781406900
1536199302
1621686951
463927682
2134782754
1622293522
693133385
447773305
237297788
1503608660
1332516910
796044715
278233190
2077197491
1484604622
1961386184
1853534453
21684869
699023305
158657947
278286219
167890014
872209413
1079918732
1296421857
2096075498
47501298
1452928032
1129806129
122093118
1828501983
227828479
1882714461
592960928
1712383432
982370358
1696231040
1161275290
1391040847
1289400163
1057082218
1682813822
1144761226
1105592332
12146695
362257034
1190499544
735396174
1326563989
1090191546
414629443
110225019
107639161
155404646
1808282656
232109633
1983799526
1656589609
1208002079
90599139
1880659783
1655370636
580428222
1994062155
625080449
457450415
456676629
1435495255
1549311976
477890339
1958002886
165515414
239795578
1902588094
729095625
2126788588
1651274375
778030222
